      0.00000
      0.80026
      0.99412
      0.93050
      1.03653
      1.19035
      1.29122
      1.29843
      1.20247
      1.31283
      1.14018
      1.36232
      1.37432
      1.53244
      1.47615
      1.31905
      1.51656
      1.42936
      1.73520
      1.53429
      1.62714
      1.61668
      1.69666
      1.63775
      1.68980
      1.59373
      1.75044
      1.85398
      1.71519
      1.78799
      1.74853
      1.78529
      1.81811
      1.86618
      1.69189
      1.72299
      1.74555
      1.83842
      1.86236
      1.85771
      1.88666
      1.76390
      1.83193
      1.79764
      1.78334
      1.79303
      1.80878
      1.71703
      1.61000
      1.68309
      1.57779
      1.69102
      1.74694
      1.72703
      1.76856
      1.84410
      1.93378
      1.81781
      1.91116
      1.84808
      1.89681
      2.05259
      2.07940
      2.00588
      1.76549
      1.79400
      1.72879
      1.82766
      1.76620
      1.61403
      1.72905
      1.74615
      1.69226
      1.69068
      1.50494
      1.63531
      1.82848
      1.82886
      1.87337
      1.91907
      1.86928
      1.77432
      1.76618
      1.65511
      1.67445
      1.63128
      1.69351
      1.66324
      1.81517
      1.61438
      1.71538
      1.78858
      1.89587
      1.95724
      1.99195
      2.12516
      2.12745
      2.16404
      2.26518
      1.97926
      2.04395
      1.90023
      1.89988
      1.89929
      1.88358
      1.97762
      2.03534
      2.00744
      2.04751
      2.13083
      2.03447
      1.98139
      1.89717
      1.96998
      2.03411
      2.18827
      2.16308
      2.03499
      1.91236
      2.04256
      2.03149
      2.08932
      2.19605
      2.10328
      2.40276
      2.46746
      2.24911
      2.33632
      2.41855
      2.35282
      2.48556
      2.31895
      2.41169
      2.42127
      2.53271
      2.39075
      2.50520
      2.29017
      2.56343
      2.48761
      2.45086
      2.51839
      2.45760
      2.31747
      2.27215
      2.53479
      2.48286
      2.42607
      2.34211
      2.49544
      2.63273
      2.74235
      2.92637
      2.87405
      3.04465
      2.97754
      3.22006
      3.58759
      3.62615
      3.50186
      3.39341
      3.67507
      3.70121
      3.38642
      3.61036
      3.55179
      3.60340
      3.49246
      3.40136
      3.34765
      3.29173
      3.35242
      3.62962
      3.17546
      3.33224
      3.50790
      3.15439
      3.22685
      3.26496
      3.49979
      3.51707
      3.50387
      3.13069
      3.15719
      2.86301
      2.68356
      3.02143
      2.78175
      2.79406
      2.97075
      3.02477
      3.10015
      3.03489
      3.40909
      3.54494
      3.25038
      3.25173
      3.28682
      3.46020
      3.53718
      3.79248
      3.75940
      3.97786
      3.86015
      3.96274
      3.71864
      3.60667
      3.94732
      4.12657
      3.61860
      3.49341
      3.59565
      3.64165
      3.95338
      3.81609
      3.68254
      3.48306
      3.59726
      3.91905
      3.86552
      3.67649
      3.75420
      3.81420
      4.06445
      4.07169
      3.89045
      3.83296
      3.91923
      3.78131
      3.77256
      3.90451
      4.00413
      3.88551
      3.61068
      3.45875
      3.24856
      3.63960
      3.56487
      3.46280
      3.71202
      3.44177
      3.44500
      3.54595
      3.56780
      3.53672
      3.60427
      3.82294
      3.74484
      3.96444
      3.98124
      4.24590
      4.24454
      4.33993
      4.41102
      4.25664
      4.23871
      4.15013
      3.84164
      3.78036
      3.77596
      3.90845
      3.77162
      3.87495
      4.11004
      4.15082
      4.26593
      3.81031
      3.87800
      4.03229
      4.02673
      3.60423
      3.73289
      3.67386
      3.65834
      3.30894
      3.23179
      3.36034
      3.53978
      3.54375
      3.44805
      3.21696
      3.38623
      3.35437
      3.50220
      3.65638
      3.64526
      3.65248
      3.32413
      3.24132
      3.23719
      3.46315
      3.69035
      3.68316
      3.81252
      3.62075
      3.63937
      3.38772
      3.68134
      3.64738
      3.69595
      3.54814
      3.47342
      3.32457
      3.45053
      3.34435
      3.13995
      3.12868
      3.30204
      3.25417
      3.19332
      3.30297
      3.20897
      3.22937
      3.26054
      3.15701
      3.15039
      3.17089
      3.44081
      3.55094
      3.45065
      3.55922
      3.59226
      3.64233
      3.67687
      3.59953
      3.55251
      3.70263
      3.62967
      3.48993
      3.78645
      3.79237
      3.63246
      3.73518
      3.72989
      3.64967
      3.89035
      3.64027
      3.87340
      4.06473
      4.00499
      3.65800
      3.69393
      3.77146
      3.85694
      3.73062
      3.53848
      3.58790
      3.79919
      3.77098
      3.78561
      3.67547
      3.70968
      3.84367
      3.97322
      3.76671
      3.63505
      3.66793
      3.89383
      4.00705
      3.91702
      3.93448
      4.01041
      4.08265
      3.97661
      3.99224
      3.81198
      3.72558
      3.70960
      3.58978
      3.56552
      3.65994
      3.67521
      3.74641
      3.64755
      3.71418
      3.48588
      3.39432
      3.52202
      3.60760
      3.36216
      3.31456
      3.18105
      3.11654
      3.18836
      3.20463
      3.35004
      3.51672
      3.54852
      3.52798
      3.38158
      3.44062
      3.37877
      3.36210
      3.41198
      3.43086
      3.40930
      3.20928
      3.24891
      3.32937
      3.44790
      3.45830
      3.40738
      3.17398
      3.05093
      3.05140
      2.67941
      2.87076
      2.91797
      2.95852
      3.04454
      2.92788
      2.84008
      2.78892
      2.94238
      2.82498
      2.99665
      2.86099
      2.96168
      2.94419
      2.96303
      2.87197
      2.71111
      2.98849
      3.05832
      2.96426
      3.01997
      3.00759
      2.96346
      3.19157
      3.14603
      3.18831
      3.06170
      3.02836
      3.09075
      3.05566
      3.30715
      3.03641
      3.17468
      3.06413
      3.10648
      3.05801
      3.28527
      3.11446
      3.23840
      3.17837
      3.17815
      3.18443
      3.21220
      3.29992
      3.19733
      3.45547
      3.34092
      3.39500
      3.44336
      3.40317
      3.38526
      3.35189
      3.35642
      3.30884
      3.22204
      3.10582
      3.18093
      3.04941
      3.27311
      3.23932
      3.20184
      3.02251
      3.10485
      3.07855
      3.08194
      3.12356
      3.41629
      3.43737
      3.07150
      3.00350
      2.96354
      3.11546
      3.07826
      2.79654
      2.89988
      2.69690
      2.73636
      3.00085
      3.02147
      3.01524
      3.00566
      3.01709
      3.01195
      3.12743
      3.17416
      3.12407
      3.09998
      3.10138
      3.37347
      3.29983
      3.18446
      2.94813
      3.01149
      3.16451
      3.09564
      3.20729
      3.31311
      3.20398
      3.17669
      3.19197
      3.12223
      3.18701
      3.28213
      3.40256
      3.31799
      3.22040
      3.15543
      3.30054
      3.36291
      3.36948
      3.27452
      3.18723
      3.14537
      3.33905
      3.36062
      3.34484
      3.22591
      3.27797
      2.99382
      3.25034
      3.31561
      3.33464
      3.36208
      3.47277
      3.36798
      3.43505
      3.55748
      3.64006
      3.75327
      3.59655
      3.78185
      3.95657
      3.96447
      4.04089
      4.20973
      4.16872
      4.24893
      4.23766
      4.35628
      4.24486
      4.32935
      4.30133
      4.24346
      3.86758
      4.01466
      3.95680
      4.02314
      3.93503
      3.97894
      4.00905
      4.20433
      4.08914
      4.07055
      3.89049
      4.04391
      4.29396
      4.16190
      4.17687
      4.14774
      4.04649
      4.15115
      4.04229
      3.95277
      3.88654
      4.11997
      3.94253
      3.97523
      4.10540
      3.97030
      3.98708
      4.09620
      4.07545
      4.04761
      4.21880
      4.34343
      4.26333
      4.35527
      4.24424
      4.60048
      4.74036
      4.67185
      4.69673
      4.61052
      4.56527
      4.57890
      4.20141
      4.19390
      4.23519
      4.16548
      3.96369
      4.10425
      4.34863
      4.26447
      4.45415
      4.56384
      4.63276
      4.53151
      4.54412
      4.59823
      4.38832
      4.30297
      4.40011
      4.30493
      4.26516
      4.55189
      4.22394
      4.08214
      4.00379
      4.03978
      4.04294
      4.20057
      4.15294
      4.20813
      4.22855
      4.12669
      3.97275
      4.20497
      4.08050
      3.94372
      3.96725
      4.00801
      4.05731
      4.11610
      3.97011
      3.96750
      3.99199
      4.23122
      4.25657
      4.12920
      4.09058
      4.17073
      4.10827
      4.31722
      4.28938
      4.25332
      4.20235
      4.20410
      4.16208
      4.45614
      4.16508
      4.20354
      4.44391
      4.37105
      4.43631
      4.35747
      4.50990
      4.45224
      4.38106
      4.12920
      4.04800
      4.42018
      4.36656
      4.40310
      4.28135
      4.24583
      4.13424
      4.14219
      4.27529
      4.09945
      3.97298
      3.91800
      3.85637
      4.00415
      3.93993
      4.20198
      4.14405
      4.15964
      4.15398
      4.27381
      4.05830
      4.02405
      3.91992
      3.92643
      4.03833
      4.13914
      4.21939
      4.12318
      4.16092
      3.94778
      4.11883
      4.09985
      4.15271
      4.10422
      4.11010
      4.01703
      4.26121
      4.15435
      3.95168
      3.92820
      4.20112
      4.26369
      4.32166
      4.35872
      4.29668
      4.24732
      4.09490
      4.06094
      4.00373
      3.96252
      3.94442
      3.99453
      4.01151
      4.16810
      4.11941
      4.05255
      4.37751
      4.26312
      4.30637
      4.41256
      4.37003
      4.28113
      4.16864
      4.28361
      4.26168
      4.10851
      4.22193
      4.13163
      4.43882
      4.54573
      4.44692
      4.45460
      4.31997
      4.46041
      4.43377
      4.36789
      4.27956
      4.35545
      4.23666
      4.41283
      4.33959
      4.11009
      4.21446
      3.99892
      4.10243
      4.10759
      4.09985
      4.44425
      4.43318
      4.09202
      4.33926
      4.35014
      4.35387
      4.40748
      4.43195
      4.39998
      4.34868
      4.37238
      4.33273
      4.52593
      4.58922
      4.46848
      4.58154
      4.56851
      4.46749
      4.40115
      4.24165
      4.52608
      4.38533
      4.38880
      4.22590
      4.24684
      4.35143
      4.50380
      4.45920
      4.61900
      4.64530
      4.39643
      4.45837
      4.37275
      4.20594
      4.13710
      3.99792
      4.05189
      4.06123
      4.09820
      4.13321
      4.04178
      3.96491
      4.03884
      3.92736
      4.09185
      4.26639
      4.21805
      4.20925
      4.15768
      4.22406
      4.24997
      4.45283
      4.59678
      4.52393
      4.33576
      4.36702
      4.06765
      4.09792
      3.99285
      4.10512
      3.90874
      4.02595
      4.01096
      3.96870
      4.07020
      4.21841
      4.34993
      4.22732
      4.42145
      4.47148
      4.53864
      4.66014
      4.49418
      4.40104
      4.31616
      4.28393
      4.23060
      4.40132
      4.28070
      4.26954
      4.37044
      4.58443
      4.58038
      4.42475
      4.50682
      4.22060
      4.27593
      4.26855
      4.00615
      4.05558
      4.18475
      4.24996
      4.28996
      4.19673
      4.43680
      4.47051
      4.47444
      4.16104
      4.36167
      4.46412
      4.30362
      4.43674
      4.42193
      4.46648
      4.59402
      4.44564
      4.24137
      4.31420
      4.23653
      4.29145
      4.39494
      4.50483
      4.55135
      4.46034
      4.31761
      4.22834
      4.25635
      4.30117
      4.21652
      4.51443
      4.44719
      4.29779
      4.37602
      4.28014
      4.47631
      4.60234
      4.65256
      4.69277
      4.57749
      4.56546
      4.47250
      4.48510
      4.42534
      4.71430
      4.86515
      4.92819
      4.77338
      4.76696
      4.59496
      4.72302
      4.79343
      5.10195
      4.80197
      4.66885
      4.69045
      4.72410
      4.71714
      4.61458
      4.71674
      4.58604
      4.55679
      4.42985
      4.29744
      4.21939
      4.50009
      4.72680
      4.73976
      4.62827
      4.70415
      4.69696
      4.61763
      4.49275
      4.55842
      4.64463
      4.41334
      4.50113
      4.48466
      4.59305
      4.60188
      4.66696
      4.70446
      4.57106
      4.45740
      4.68770
      4.60021
      4.45675
      4.19673
      4.06576
      4.26044
      4.41174
      4.20425
      4.31028
      4.46110
      4.17402
      4.29678
      4.38064
      4.23851
      4.26599
      4.38340
      4.51947
      4.38632
      4.47600
      4.46054
      4.33183
      4.54281
      4.75143
      4.56469
      4.67932
      4.68103
      4.74860
      4.77804
      4.77868
      4.72208
      4.86776
      4.95875
      4.83522
      4.85942
      4.46530
      4.61916
      4.50040
      4.48376
      4.53811
      4.69287
      4.75287
      4.76241
      4.78577
      4.80688
      4.62897
      4.73491
      4.62445
      4.38474
      4.34664
      4.39602
      4.49203
      4.40075
      4.32052
      4.37232
      4.26428
      4.41598
      4.60254
      4.53605
      4.59635
      4.48488
      4.62388
      4.67913
      4.52442
      4.51763
      4.47069
      4.57851
      4.48506
      4.63666
      4.50030
      4.62778
      4.59794
      4.54924
      4.41063
      4.62812
      4.60494
      4.51982
      4.28467
      4.33506
      4.18753
      4.07729
      4.10637
      4.09547
      4.30904
      4.13253
      4.16315
      4.08667
      4.10503
      4.10930
      3.98868
      4.04371
      4.16635
      4.08243
      3.89222
      4.07461
      4.10651
      3.95829
      3.94894
      3.86276
      3.90970
      4.05448
      4.13588
      4.29533
      4.36200
      4.34953
      4.53824
      4.43630
      4.28320
      4.39909
      4.33270
      4.16511
      4.28062
      4.24420
      4.18638
      4.20405
      4.09456
      4.01757
      4.11916
      4.37789
      4.23064
      4.29420
      4.39522
      4.22621
      4.16323
      4.25982
      4.38030
      4.42823
      4.38137
      4.44556
      4.48837
      4.44686
      4.48679
      4.54848
      4.75498
      4.62249
      4.37470
      4.49587
      4.48224
      4.56728
      4.45675
      4.48586
      4.25106
      4.50580
      4.64631
      4.53701
      4.46381
      4.54079
      4.65203
      4.58099
      4.79609
      4.99023
      4.88063
      4.72436
      4.92178
      4.83422
      4.77998
      4.71628
      4.96405
      4.66078
      4.65345
      4.88225
      4.89917
      4.88172
      4.75795
      4.98224
      4.92006
      4.87944
      4.84708
      4.67504
      4.71364
      4.72353
      4.97700
      4.86971
      4.74972
      4.82772
      4.88352
      4.79393
      4.65121
      4.84211
      5.01671
      4.76045
      4.80456
      4.82926
      4.87092
      4.88800
      4.96842
      5.26579
      4.83438
      4.76243
      4.89201
      5.18103
      5.15721
      4.80752
      4.98419
      5.03885
      5.01793
      4.80488
      4.78843
      4.81610
      4.61218
      4.88840
      4.88814
      4.85312
      4.91112
      4.95216
      4.57307
      4.67236
      4.59924
      4.61980
      4.87194
      4.67780
      4.81252
      4.79076
      5.06729
      4.88214
      4.99238
      4.61705
      4.68133
      4.62430
      4.47655
      4.48379
      4.56316
      4.60994
      4.42641
      4.71564
      5.05169
      5.17752
      4.94385
      4.96781
      4.97345
      4.83490
      4.66851
      4.69460
      4.85089
      4.79951
      4.84861
      4.70691
      4.89793
      5.09013
      4.73573
      4.69242
      4.65761
      4.67398
      4.72697
      4.84088
      4.74067
      4.68423
      4.79867
      4.72758
      4.71709
      4.64995
      4.73322
      4.75015
      4.87602
      4.90119
      4.69537
      4.81931
      4.88209
      4.98275
      4.86217
      4.94965
      5.17790
      5.49471
      5.56941
      5.63883
      5.72874
      5.76998
      5.66281
      5.44727
      5.29364
      5.43457
      5.47653
      5.37978
      5.38827
      5.29548
      5.14840
      5.15674
      5.25253
      5.35977
      5.48459
      5.29045
      5.33686
      5.28646
      5.21954
      5.06537
      5.10568
      5.08466
      4.81527
      4.96557
      4.92078
      4.95731
      4.91608
      5.01321
      5.08203
      4.83325
      4.90818
      4.83972
      5.05046
      5.07932
      5.12341
      5.08505
      4.86411
      4.91107
      4.96133
      4.71380
      4.82465
      4.85695
      4.81018
      4.83397
      4.99368
      5.04082
      4.87707
      5.08004
      5.15207
      5.02694
      4.97413
      5.06174
      5.07083
      4.96920
      4.67979
      4.75679
      4.62135
      4.73549
      5.05163
      5.03157
      5.07372
      4.99109
      4.94178
      4.84774
      4.84598
      4.98761
      4.82692
      4.81586
      4.71763
      4.88344
      4.94497
      4.54318
      4.64958
      4.67860
      4.67180
      4.67444
      4.67548
      4.55415
      4.67115
      4.71263
      4.53954
      4.55931
      4.55562
      4.54788
      4.60018
      4.60131
      4.69371
      4.99047
      4.83401
      4.69359
      4.89576
      4.97452
      4.76516
      4.96302
      4.82739
      4.81843
      4.60216
      4.67747
      4.82812
      4.93965
      4.89592
      4.72347
      4.79383
      4.83020
      4.75753
      4.93058
      5.00618
      4.85243
      4.83810
      5.04376
      5.06812
      5.08172
      5.20205
      5.08342
      4.99008
      4.91508
      4.99089
      4.85591
      4.89685
      4.76569
      4.77318
      4.83295
      4.74294
      4.66961
      5.09434
      5.03116
      5.01186
      4.92842
      5.13412
      4.91929
      5.03110
      5.13406
      4.97310
      4.96446
      5.17365
      4.84658
      4.87735
      4.95651
      4.78724
      4.64003
      4.51351
      4.30427
      4.57260
      4.53671
      4.45549
      4.26679
      4.28964
      4.42635
      4.34211
      4.23006
      4.20209
      4.06873
      4.26106
      4.32233
      4.24251
      4.30433
      4.22770
      4.30750
      4.22128
      4.25954
      4.13755
      4.27635
      4.19000
      4.32343
      4.26936
      3.97055
      4.23740
      4.22412
      4.37304
      4.46979
      4.30304
      4.46214
      4.59006
      4.47575
      4.38792
      4.32182
      4.47185
      4.39489
      4.34261
      4.29083
      4.37275
      4.26602
      4.33681
      4.31306
      4.09111
      4.02995
      4.05438
      3.96716
      3.85414
      3.75379
      3.78111
      3.93284
      3.82938
      4.08302
      4.13827
      4.15652
      4.21561
      4.21949
      4.22925
      4.29692
      4.26813
      4.34462
      4.41586
      4.28210
      4.30779
      4.23997
      4.30521
      4.28363
      4.23549
      4.10060
      3.96465
      4.24222
      4.19989
      4.26231
      4.28745
      4.40990
      4.33661
      4.39245
      4.43973
      4.29114
      4.51483
      4.52855
      4.28931
      4.25518
      4.39030
      4.28999
      4.33640
      4.34643
      4.23408
      4.21226
      4.28008
      4.28857
      4.04546
      4.20592
      4.27003
      4.34712
      4.18530
      4.08898
      4.11838
      3.92099
      4.07096
      3.89913
      3.92711
      3.75419
      3.87768
      3.76732
      3.79745
      3.84771
      3.72745
      3.95322
      3.99207
      3.83321
      3.94994
      3.96939
      3.81727
      3.74421
      3.90902
      3.78076
      3.52492
      3.70536
      3.86971
      3.78943
      3.82542
      3.81138
      3.65685
      3.66736
      3.48106
      3.68646
      3.72029
      3.77941
      3.78761
      3.93711
      3.91747
      4.03067
      3.84031
      3.71977
      3.72244
      4.07065
      4.15949
      4.12083
      4.16910
      4.15435
      4.14873
      4.27983
      4.15136
      4.29293
      4.23784
      4.42108
      4.12382
      4.12171
      4.10287
      4.11653
      4.11723
      4.17760
      4.10009
      4.21760
      3.95878
      3.93155
      4.18972
      4.31089
      4.00567
      3.91885
      3.79116
      3.80721
      3.88860
      3.92575
      4.07680
      3.86420
      3.99796
      4.03737
      3.91724
      3.59745
      3.70017
      3.77362
      3.59506
      3.82028
      3.72691
      3.72944
      3.79860
      3.80925
      3.77276
      3.71282
      3.76902
      3.83831
      3.83992
      4.01051
      3.81958
      3.81535
      3.81764
      3.74215
      3.77090
      3.85410
      3.61261
      3.71799
      3.79916
      3.85308
      3.91359
      3.68816
      3.72603
      3.96025
      4.07270
      3.97392
      3.84380
      3.72588
      3.84819
      3.73257
      3.78804
      4.02716
      4.12563
      4.05174
      3.96578
      3.80538
      3.79588
      3.83924
      3.78263
      3.71465
      3.79565
      3.88198
      3.85801
      3.78507
      3.70863
      3.89309
      3.90092
      3.88582
      3.95170
      4.05593
      3.76297
      3.79768
      3.83352
      3.81076
      3.77021
      3.73705
      3.61886
      3.80496
      3.61055
      3.56103
      3.86186
      3.91944
      3.83407
      3.73513
      3.95552
      3.71549
      3.67542
      3.64883
      3.68028
      3.62128
      3.60900
      3.56275
      3.35031
      3.32851
      3.51355
      3.29075
      3.24770
      3.37134
      3.56647
      3.59624
      3.50214
      3.60229
      3.62641
      3.79773
      3.84235
      3.75233
      3.73002
      3.67360
      3.65589
      3.65041
      3.66221
      3.51875
      3.63803
      3.51960
      3.44483
      3.59739
      3.37127
      3.46611
      3.69468
      3.70543
      3.67142
      3.78888
      3.80307
      3.90746
      3.69596
      3.60750
      3.74741
      3.61369
      3.52438
      3.70497
      3.76797
      3.69429
      3.89923
      3.93614
      3.90497
      3.85974
      3.99358
      3.92063
      3.98388
      4.19692
      4.25890
      4.15594
      4.12465
      4.21843
      4.39027
      4.32671
      4.36122
      4.33771
      4.15562
      3.95728
      3.97749
      4.04859
      3.91090
      3.94379
      4.10702
      3.94610
      4.01356
      3.92617
      3.99115
      4.12103
      4.06942
      4.20129
      4.18282
      4.24356
      4.02435
      4.07233
      4.10592
      4.08657
      4.19377
      4.20995
      4.28288
      4.15346
      4.25640
      4.45666
      4.40458
      4.42735
      4.41219
      4.47053
      4.42453
      4.44108
      4.42666
      4.31390
      4.33954
      4.51165
      4.31805
      4.28002
      4.23667
      4.09044
      4.05100
      3.89859
      3.69460
      3.81499
      3.75901
      3.68896
      3.97460
      3.76343
      3.75350
      3.53543
      3.60947
      3.75870
      3.86075
      3.91052
      4.08372
      4.17821
      4.25973
      4.24281
      4.18026
      4.36014
      4.32449
      4.05131
      4.27409
      4.38986
      4.44776
      4.53640
      4.39229
      4.41358
      4.32555
      4.15132
      4.15962
      4.22239
      4.21065
      3.94075
      4.00848
      4.16154
      4.07889
      3.94156
      3.95498
      4.07277
      4.21137
      4.40140
      4.39339
      4.41963
      4.08590
      4.27130
      4.47536
      4.43055
      4.47924
      4.48481
      4.56115
      4.59197
      4.32199
      4.16098
      4.27304
      4.24467
      4.41986
      4.41093
      4.27184
      4.27989
      4.36289
      4.39602
      4.22394
      4.24521
      4.31867
      4.42439
      4.40076
      4.44788
      4.40785
      4.60746
      4.40967
      4.44928
      4.28379
      4.30504
      4.24815
      4.13210
      4.12480
      4.10126
      4.11024
      4.16721
      4.06847
      4.13304
      4.20611
      4.26225
      4.51512
      4.44396
      4.42649
      4.31167
      4.33056
      4.38124
      4.20718
      4.21255
      4.04262
      4.02956
      4.30362
      4.27042
      4.24435
      4.13582
      4.26381
      4.40053
      4.46703
      4.62206
      4.55212
      4.37461
      4.35843
      4.32283
      4.21001
      4.05363
      4.27271
      4.35880
      4.17169
      4.04560
      3.97071
      4.02087
      3.86648
      3.79739
      3.94080
      3.93939
      3.87486
      3.75907
      3.86667
      3.85695
      3.99482
      3.82786
      4.07030
      4.15281
      3.94965
      4.10188
      3.98140
      3.93483
      4.01639
      4.11680
      4.32607
      4.35235
      4.27578
      4.03128
      3.95910
      3.70097
      3.73151
      3.51771
      3.60109
      3.75474
      4.01321
      4.09037
      4.06026
      4.25945
      4.26862
      3.90780
      3.96745
      4.06699
      4.09215
      3.86034
      3.96032
      3.84607
      3.87936
      3.72605
      3.83161
      4.00265
      3.94201
      4.03335
      4.02999
      4.15719
      4.09905
      4.29321
      4.25522
      4.12833
      4.01346
      3.86923
      3.95566
      3.93138
      3.82930
      3.67025
      3.76859
      3.84780
      4.09855
      3.98870
      4.02471
      3.83710
      3.86676
      3.84301
      3.75774
      3.84048
      3.67999
      3.68257
      3.91885
      3.85078
      3.92131
      3.86147
      4.04444
      4.08517
      4.11501
      3.98509
      4.01086
      4.15129
      3.98831
      4.14396
      4.12320
      3.98251
      4.07332
      4.18081
      4.18962
      4.16195
      4.03861
      4.10319
      3.88630
      3.72265
      3.99917
      3.74946
      3.84579
      3.79105
      3.96506
      3.97110
      4.00613
      4.07050
      3.95366
      4.11162
      4.05229
      4.13330
      4.01516
      3.79463
      3.99472
      3.80463
      3.82437
      3.83418
      3.83210
      3.89167
      3.79354
      3.86865
      3.74237
      3.78237
      3.82825
      3.89636
      3.73840
      3.81628
      3.75273
      3.73769
      3.88909
      3.83454
      3.76308
      3.78859
      3.94873
      3.93213
      3.84990
      3.84475
      3.76003
      3.90865
      3.95838
      3.80758
      3.92583
      3.80799
      3.82118
      3.89521
      3.93082
      3.96173
      3.74599
      3.95771
      4.15525
      3.81469
      3.78135
      3.85797
      3.89633
      3.77331
      3.64204
      3.82664
      3.97041
      4.17127
      4.11643
      4.07477
      4.03853
      4.11704
      4.13279
      4.09340
      4.04738
      3.84443
      3.98482
      3.82219
      3.75441
      3.81924
      4.12524
      3.99779
      3.84413
      4.04275
      3.86281
      3.84243
      3.84593
      3.84112
      3.94657
      3.87484
      4.10128
      4.10920
      4.02049
      4.09611
      4.08062
      4.02380
      4.11697
      4.15885
      4.11086
      4.19822
      4.21601
      3.96479
      4.00028
      4.08791
      4.22747
      4.22170
      4.07238
      4.06380
      4.03177
      4.02766
      4.11971
      4.24164
      4.08296
      4.18589
      4.17958
      4.19678
      3.91096
      3.89977
      4.06408
      3.94107
      3.99644
      3.94611
      3.82949
      3.81103
      4.01018
      3.85416
      4.09169
      4.11810
      3.96282
      3.93867
      3.85701
      3.82736
      3.75866
      3.91222
      3.91434
      3.94372
      3.91303
      3.90607
      3.77819
      3.81269
      3.91455
      3.85227
      4.05270
      4.25956
      4.26450
      4.28318
      4.58521
      4.35967
      4.23371
      4.23210
      4.15416
      4.10793
      4.06273
      3.97637
      3.83626
      3.84813
      4.04150
      4.08326
      4.09431
      4.06975
      4.22738
      4.00580
      4.01484
      3.96019
      4.05959
      3.96170
      4.27742
      4.17699
      4.07972
      4.01707
      4.06928
      4.19850
      4.22210
      4.21744
      4.36098
      4.45552
      4.31371
      4.28286
      4.15526
      4.21003
      4.22449
      4.11303
      4.20007
      4.06730
      4.09093
      4.13920
      4.14218
      4.26388
      4.29927
      4.35711
      4.40718
      4.40270
      4.33851
      4.16335
      3.99292
      4.02016
      4.09100
      3.90695
      3.83024
      3.83078
      3.89710
      3.82824
      3.71738
      3.94151
      4.00279
      3.94416
      4.01484
      4.12088
      4.06973
      4.20801
      4.04340
      4.09839
      4.50017
      4.37664
      4.32648
      4.30335
      4.32046
      4.15523
      4.33657
      4.26337
      4.22804
      3.95525
      4.13790
      4.01734
      3.91982
      3.91026
      3.99720
      3.98138
      4.08124
      4.24785
      4.15648
      4.05895
      4.19416
      4.14870
      4.11455
      4.08930
      3.97328
      4.03749
      4.12161
      4.23099
      4.02013
      3.89578
      4.17181
      4.16102
      3.96051
      4.21475
      4.05564
      4.19737
      4.28892
      4.14362
      4.02905
      4.13613
      3.98804
      4.28117
      4.27307
      4.21833
      4.17696
      4.07574
      4.25561
      4.19063
      3.84275
      3.96790
      4.06533
      4.14497
      4.43426
      4.22664
      4.21602
      4.17206
      4.23195
      4.34072
      4.36092
      4.47546
      4.48926
      4.41895
      4.49095
      4.36954
      4.50942
      4.40180
      4.29486
      4.32582
      4.43677
      4.18893
      4.19674
      4.24564
      4.35369
      4.16310
      4.15398
      4.14010
      4.15251
      4.20094
      4.04360
      4.10189
      4.03672
      4.02461
      4.44289
      4.50869
      4.57272
      4.57758
      4.54298
      4.39514
      4.46858
      4.44581
      4.50366
      4.35333
      4.17948
      4.10787
      3.95768
      4.22266
      4.20829
      4.26681
      4.36383
      4.38754
      4.38466
      4.29210
      4.24843
      4.30716
      4.08242
      4.18469
      4.17976
      4.36684
      4.27437
      4.41177
      4.49197
      4.46488
      4.18640
      4.22442
      4.12453
      4.48687
      4.41969
      4.35250
      4.08264
      4.05230
      4.04485
      3.95364
      4.17478
      4.21128
      4.32306
      4.60773
      4.22215
      4.35096
      4.29286
      4.29444
      4.29590
      4.20606
      4.46682
      4.17020
      4.17115
      4.29649
      4.21587
      4.01163
      3.85973
      3.82283
      4.18796
      4.14849
      4.13778
      4.19170
      3.98551
      4.19141
      4.27041
      4.13189
      4.29981
      4.12407
      3.89599
      4.00018
      4.29754
      4.11214
      4.04267
      3.88507
      3.92743
      4.08659
      3.97410
      4.05305
      4.28284
      4.02399
      4.00738
      3.89133
      4.10515
      4.07278
      4.14933
      4.34443
      4.26918
      4.55906
      4.67655
      4.47706
      4.37444
      4.24367
      4.17168
      4.26536
      4.35614
      4.45379
      4.38966
      4.19801
      4.36443
      4.49651
      4.34487
      4.28721
      4.26424
      4.32867
      4.35833
      4.23355
      4.22147
      4.07012
      4.30723
      4.30204
      4.27866
      4.11380
      4.22451
      4.39196
      4.19863
      4.01262
      4.10813
      4.26853
      4.14772
      4.18093
      4.21142
      4.22458
      4.28996
      4.15806
      4.15255
      4.08610
      4.01355
      4.21403
      4.16497
      4.05556
      4.08685
      3.93957
      3.88446
      4.00187
      4.26872
      4.09721
      4.00927
      4.14259
      4.17794
      4.23916
      4.04318
      4.40500
      4.29894
      4.36769
      4.31808
      4.17760
      4.01382
      4.13329
      4.06150
      4.19863
      4.13715
      4.15872
      4.40190
      4.20566
      4.25751
      4.03987
      4.27771
      4.27966
      4.39895
      4.32178
      4.53703
      4.44325
      4.61373
      4.60513
      4.31778
      4.18331
      4.63092
      4.41909
      4.47037
      4.33084
      4.46672
      4.36006
      4.30497
      4.30482
      4.21388
      4.18073
      4.10793
      4.21576
      4.21755
      4.17984
      4.24106
      4.33307
      4.24627
      4.13506
      4.23597
      4.39048
      4.30922
      4.35988
      4.24795
      4.15556
      4.13168
      4.41883
      4.38761
      4.41243
      4.43282
      4.41016
      4.49174
      4.76403
      4.51318
      4.43175
      4.35477
      4.48330
      4.38178
      4.42970
      4.27775
      4.18368
      4.17355
      4.34536
      4.49788
      4.52108
      4.38135
      4.49595
      4.46782
      4.70458
      4.47446
      4.33481
      4.25576
      4.30392
      4.23663
      4.38703
      4.43286
      4.51375
      4.44816
      4.37413
      4.28083
      4.38237
      4.58028
      4.50734
      4.44626
      4.45294
      4.48809
      4.26969
      4.42888
      4.37746
      4.37980
      4.37756
      4.40885
      4.23870
      4.44291
      4.50473
      4.59180
      4.48964
      4.36964
      4.35955
      4.27769
      4.29324
      4.33187
      4.29645
      4.33287
      4.04391
      4.15816
      4.17913
      3.94270
      4.15803
      4.20392
      4.11321
      4.12080
      4.03194
      3.93844
      4.10407
      4.12451
      3.95189
      4.09516
      4.00512
      4.00374
      4.16123
      4.12803
      4.10181
      4.11344
      4.38493
      4.18228
      4.18428
      3.98525
      3.95482
      3.91471
      4.06388
      4.00216
      4.14775
      4.23899
      4.08609
      4.07367
      4.20134
      4.22734
      4.12001
      4.21083
      4.30650
      4.02955
      4.13322
      4.14830
      4.10548
      4.16655
      4.29003
      4.27939
      4.33436
      4.23403
      4.12197
      4.15444
      4.27495
      4.14271
      4.22459
      4.24084
      4.24369
      4.36038
      4.29930
      4.27867
      4.31384
      4.24805
      4.20389
      4.13536
      4.22544
      4.14394
      4.13554
      3.96791
      4.16969
      4.28114
      4.37980
      4.37260
      4.59422
      4.28436
      4.36586
      4.35011
      4.32743
      4.27605
      4.06276
      4.09728
      4.06360
      4.09836
      4.15566
      4.25409
      4.20338
      4.19467
      4.19582
      4.32015
      4.36918
      4.20526
      4.29444
      4.26254
      4.21609
      4.20517
      4.17015
      4.18534
      4.06528
      4.35123
      4.31455
      4.20368
      4.21563
      4.19909
      4.19844
      4.12183
      4.10216
      4.11689
      4.06049
      4.13956
      4.15568
      4.05012
      4.35234
      4.35298
      4.28298
      4.24431
      4.30090
      4.32272
      4.22452
      4.39923
      4.19694
      4.18853
      4.30570
      4.21851
      4.20030
      4.12937
      4.24650
      4.09924
      4.23210
      4.09808
      4.09094
      4.07438
      4.08693
      4.10656
      4.24009
      4.10787
      4.31865
      4.28348
      4.36926
      4.32302
      4.39912
      4.46798
      4.30410
      4.17843
      4.33456
      4.27076
      4.42426
      4.24475
      4.00334
      3.88842
      3.99296
      3.99327
      4.03549
      4.02648
      3.97890
      3.97832
      4.12416
      3.97715
      3.96532
      4.07934
      4.27561
      4.27259
      4.10660
      4.30647
      4.17695
      4.34303
      4.23782
      4.15709
      3.96498
      4.00362
      4.13130
      4.04062
      4.19472
      3.99246
      4.08035
      4.12852
      4.09826
      4.19231
      4.06563
      4.02495
      3.81920
      3.86078
      3.83280
      3.95117
      4.02736
      4.02381
      4.08525
      4.02127
      3.93581
      3.96258
      3.85333
      3.96969
      4.12321
      4.19505
      4.28684
      4.26818
      4.11488
      4.25614
      3.96471
      3.69808
      3.93546
      4.06649
      4.02371
      4.04211
      4.04484
      3.93710
      3.84974
      3.95493
      4.00241
      4.21546
      4.33888
      4.24456
      4.28044
      4.24254
      4.20701
      4.25418
      4.08192
      3.96514
      3.88458
      4.10189
      4.21628
      4.35665
      4.08132
      4.11343
      3.98058
      4.04904
      4.03278
      4.01935
      4.14083
      4.42058
      4.43114
      4.39783
      4.33760
      4.47653
      4.31627
      4.31344
      4.36414
      4.34528
      4.48478
      4.21836
      3.86139
      4.12824
      4.42044
      4.05057
      4.04828
      4.05973
      4.07325
      4.17948
      4.17905
      4.09634
      4.14328
      4.09367
      4.23388
      4.07276
      4.13443
      4.12312
      4.30878
      4.41306
      4.18153
      4.32585
      4.23078
      4.15114
      3.93714
      4.27660
      4.38609
      4.29405
      4.45741
      4.29141
      4.15085
      4.26335
      4.25998
      4.30616
      4.30803
      4.22626
      4.19508
      4.03720
      3.96621
      4.10297
      3.95491
      3.79826
      3.99318
      3.71803
      3.64076
      3.72979
      3.90060
      3.94702
      4.01354
      4.08420
      3.97979
      3.98060
      3.98573
      4.10901
      3.98396
      4.15210
      4.29108
      4.18235
      4.32241
      4.33712
      4.12928
      4.12120
      4.29384
      4.43708
      4.35251
      4.31436
      4.33262
      4.33088
      4.37166
      4.46217
      4.23943
      4.30316
      4.51103
      4.34475
      4.37495
      4.34274
      4.47846
      4.73202
      4.68010
      4.69884
      4.58354
      4.48345
      4.64952
      4.68514
      4.56741
      4.62519
      4.77224
      4.64373
      4.54666
      4.55211
      4.76771
      4.67109
      4.53125
      4.37952
      4.50579
      4.43672
      4.47525
      4.49545
      4.69321
      4.45531
      4.28777
      4.35828
      4.37761
      4.27117
      4.28115
      4.33419
      4.27369
      4.17941
      4.19734
      4.16964
      4.12295
      4.23008
      4.24210
      4.22435
      4.28259
      4.53074
      4.77148
      4.70647
      4.85359
      4.68005
      4.81249
      4.48578
      4.53292
      4.55172
      4.63997
      4.50555
      4.55790
      4.70507
      4.49910
      4.52079
      4.54911
      4.52085
      4.68524
      4.64343
      4.69005
      4.49907
      4.52846
      4.61699
      4.66002
      4.58807
      4.41910
      4.45209
      4.46636
      4.12248
      4.35619
      4.10741
      4.11432
      4.13325
      4.10731
      4.10759
      4.25897
      4.23911
      4.22697
      4.32339
      4.30647
      4.38635
      4.54796
      4.35881
      4.65248
      4.52233
      4.58838
      4.58224
      4.42857
      4.69026
      4.36286
      4.43673
      4.50286
      4.49443
      4.48210
      4.45170
      4.35495
      4.22223
      4.04010
      4.16982
      4.18001
      4.26253
      4.21311
      4.22127
      4.16909
      4.06087
      4.31094
      3.97844
      3.98135
      4.19639
      4.19132
      4.07981
      4.04426
      4.24470
      4.16716
      3.99803
      3.99269
      3.92760
      3.83658
      3.88143
      3.81234
      3.64422
      3.64300
      3.71458
      3.80022
      3.87357
      3.84862
      3.84860
      3.80887
      4.00786
      3.88025
      4.05769
      4.18331
      4.02700
      4.05420
      4.14398
      3.96947
      3.99653
      4.00011
      3.94895
      3.96811
      4.02198
      4.00828
      3.80474
      3.83841
      3.74617
      3.90986
      4.06293
      3.93163
      4.07732
      4.14821
      4.08261
      4.03043
      4.20900
      4.35029
      4.33075
      4.43225
      4.19865
      4.20996
      4.26531
      4.12308
      4.05798
      4.30569
      4.11146
      3.96345
      3.92515
      4.10923
      4.03248
      4.15318
      4.06522
      4.18990
      4.10591
      3.96027
      3.89210
      3.99606
      4.10332
      4.05680
      3.91481
      3.85555
      3.93861
      4.05807
      4.18172
      4.07591
      4.22174
      4.17350
      4.25528
      4.18185
      4.26709
      4.18403
      4.29056
      4.26095
      4.41513
      4.33554
      4.40723
      4.62432
      4.50187
      4.29891
      4.40100
      4.49497
      4.32502
      4.31361
      4.32008
      4.37461
      4.38735
      4.29685
      4.09174
      4.21062
      4.22503
      4.29872
      4.21284
      4.16094
      4.04276
      4.01673
      4.24987
      4.24954
      4.20556
      4.27652
      4.12149
      4.23925
      4.10062
      4.22420
      4.19082
      4.07100
      4.25274
      4.19079
      4.16639
      4.33631
      4.38929
      4.38272
      4.31515
      4.31102
      4.25504
      4.26546
      4.26573
      4.16285
      4.01791
      4.02920
      4.04070
      4.33618
      4.37214
      4.30512
      4.14172
      4.08198
      4.09152
      4.11823
      4.17237
      4.18822
      4.32917
      4.31443
      4.38542
      4.35181
      4.26105
      4.21620
      4.06927
      4.22832
      4.29136
      4.20006
      4.19543
      4.10364
      4.38372
      4.28873
      4.22938
      4.14007
      4.19152
      4.09121
      4.24150
      4.11153
      4.25844
      4.26288
      4.08390
      4.06630
      4.16149
      4.05331
      4.15491
      4.32184
      4.37146
      4.31094
      4.29099
      4.47817
      4.35329
      4.23214
      4.29358
      4.27350
      4.19832
      4.21751
      4.22568
      4.41496
      4.31704
      4.49217
      4.44459
      4.32096
      4.46259
      4.46165
      4.53748
      4.53343
      4.56989
      4.62972
      4.57372
      4.52785
      4.37279
      4.28411
      4.53486
      4.50009
      4.51417
      4.30435
      4.26408
      4.28731
      4.33856
      4.28132
      4.48212
      4.51130
      4.45838
      4.47781
      4.42748
      4.42097
      4.43507
      4.44996
      4.68513
      4.46472
      4.29676
      4.17686
      4.47211
      4.76244
      4.53992
      4.73697
      4.52546
      4.71119
      4.50344
      4.43967
      4.43745
      4.28046
      4.28587
      4.26523
      4.42868
      4.30651
      4.25385
      4.29937
      4.41732
      4.54539
      4.59800
      4.51935
      4.43215
      4.43773
      4.34653
      4.49205
      4.51194
      4.74533
      4.54978
      4.50582
      4.46228
      4.44724
      4.61427
      4.63131
      4.59524
      4.60323
      4.68011
      4.42549
      4.38279
      4.47855
      4.42658
      4.58312
      4.51901
      4.48509
      4.55279
      4.56678
      4.60707
      4.63406
      4.61262
      4.49853
      4.62673
      4.81381
      4.68442
      4.47834
      4.63201
      4.68331
      4.51991
      4.36132
      4.46068
      4.47776
      4.53172
      4.55190
      4.56129
      4.71887
      4.66920
      4.63698
      4.57633
      4.55114
      4.66579
      4.51991
      4.36295
      4.42652
      4.25936
      4.25929
      4.47337
      4.14084
      4.11490
      4.18795
      4.16988
      4.23083
      4.20602
      4.34107
      4.38001
      4.40996
      4.45062
      4.56310
      4.60527
      4.54296
      4.27703
      4.23088
      4.36913
      4.19119
      4.21209
      4.11955
      4.09811
      4.05788
      4.33346
      4.32588
      4.35881
      4.42523
      4.33890
      4.10752
      4.13056
      4.07819
      4.21206
      4.28032
      4.35637
      4.28728
      4.30089
      4.28266
      4.27128
      4.43455
      4.29674
      4.19805
      4.36509
      4.36003
      4.33614
      4.28497
      4.12968
      4.24859
      4.16444
      4.24991
      4.41048
      4.43968
      4.44597
      4.49821
      4.34177
      4.42637
      4.38993
      4.33207
      4.35541
      4.39059
      4.36608
      4.50438
      4.80081
      4.65793
      4.59191
      4.47160
      4.32987
      4.32987
      4.36922
      4.41275
      4.28524
      4.29139
      4.40373
      4.24448
      4.32530
      4.44653
      4.59770
      4.67314
      4.51787
      4.42493
      4.35344
      4.31073
      4.32979
      4.27689
      4.14738
      4.04909
      4.13607
      4.32306
      4.30921
      4.16289
      4.15742
      4.13129
      4.15301
      4.25068
      4.08825
      4.09890
      4.36408
      4.41505
      4.61159
      4.37085
      4.35190
      4.25524
      4.27365
      4.22025
      4.19537
      4.12926
      4.25349
      4.35591
      4.34190
      4.34066
      4.33125
      4.39163
      4.40951
      4.39688
      4.29860
      4.09328
      4.13164
      4.10235
      4.11096
      4.44333
      4.29297
      4.04037
      4.17674
      4.30365
      4.40480
      4.22822
      4.12089
      4.07614
      4.24329
      4.06474
      4.13771
      4.13035
      4.17385
      3.96362
      4.11194
      4.00744
      4.09552
      4.06525
      4.21119
      4.33279
      4.29715
      4.36837
      4.73151
      4.37438
      4.42764
      4.42949
      4.55950
      4.20859
      4.32138
      4.36866
      4.40002
      4.29632
      4.34736
      4.25095
      4.37377
      4.38024
      4.41053
      4.46657
      4.50791
      4.40777
      4.44307
      4.60142
      4.30274
      4.53585
      4.30850
      4.38619
      4.29604
      4.41484
      4.14981
      4.23281
      4.27956
      4.40569
      4.28950
      4.18968
      4.22055
      4.37011
      4.53101
      4.17720
      4.06439
      4.16386
      4.22645
      4.03471
      4.08634
      3.97548
      4.00443
      3.94712
      3.96566
      3.80196
      3.78208
      3.90850
      3.82685
      3.82911
      3.81608
      3.84004
      3.98207
      3.96453
      3.92799
      4.01645
      4.05495
      4.00582
      4.17274
      3.85074
      3.83031
      3.88081
      3.89865
      3.87634
      3.94737
      4.06302
      4.13364
      4.18306
      4.16178
      4.21043
      4.07245
      3.95155
      4.04062
      4.01256
      3.87900
      3.89099
      3.79536
      3.83912
      4.07529
      4.06915
      4.13309
      3.84760
      3.81243
      4.07158
      4.13482
      3.98120
      3.92342
      4.12105
      4.09875
      4.02868
      4.15301
      4.06371
      4.10350
      3.83158
      3.90510
      4.16428
      4.23574
      4.06156
      4.04370
      4.11830
      4.23172
      4.27067
      4.15968
      4.08203
      3.99793
      4.00109
      3.94124
      3.98451
      3.98941
      3.99011
      3.89858
      4.01730
      3.93866
      3.79172
      3.97011
      3.82521
      3.93306
      4.04120
      4.10807
      4.24560
      4.11627
      4.27342
      4.35719
      4.31036
      4.28970
      4.20472
      4.10371
      4.16000
      4.12111
      4.20999
      4.13819
      4.11976
      4.18392
      4.30194
      4.14377
      3.98132
      3.97674
      4.01562
      3.79864
      3.78779
      3.77059
      3.65885
      3.72705
      3.90012
      3.96976
      3.92024
      3.85984
      3.80886
      3.96494
      4.02854
      3.98110
      4.07250
      4.20459
      4.10200
      4.00807
      3.92087
      3.86809
      3.92649
      3.75499
      4.02513
      3.99129
      3.94304
      3.87924
      3.90579
      3.88227
      4.08170
      4.12034
      4.31217
      4.42723
      4.37082
      4.38028
      4.53543
      4.40272
      4.16076
      4.26562
      4.18320
      4.26354
      4.14350
      4.08004
      4.27922
      4.13772
      4.23895
      4.22761
      4.31941
      4.28853
      4.31855
      4.30931
      4.33475
      4.23026
      4.34554
      4.18001
      4.13486
      4.01223
      4.01617
      4.09690
      3.98567
      4.14509
      4.18714
      4.27238
      4.12358
      4.15667
      4.18696
      4.13822
      3.97090
      3.82735
      3.98799
      4.23272
      4.17590
      4.04590
      3.86600
      4.00426
      4.09115
      4.09649
      4.19928
      4.12900
      4.24898
      4.14356
      4.23929
      4.35058
      4.49832
      4.43434
      4.55151
      4.47476
      4.50174
      4.49780
      4.45720
      4.59622
      4.50488
      4.53750
      4.59644
      4.65514
      4.58945
      4.68459
      4.60880
      4.66929
      4.46603
      4.47994
      4.28291
      4.25500
      4.30864
      4.04857
      4.21486
      4.36583
      4.32531
      4.25158
      4.09283
      4.20462
      4.01486
      3.96130
      3.97952
      4.04661
      3.99694
      4.24649
      4.25799
      4.16562
      4.38108
      4.16999
      4.01154
      4.31129
      4.15766
      4.16112
      4.06069
      4.15054
      4.40537
      4.32395
      4.25219
      4.07990
      3.99353
      4.20856
      4.23496
      4.28048
      4.33761
      4.27037
      4.23700
      4.19267
      4.32900
      4.32663
      4.30559
      4.29328
      4.18280
      3.91270
      4.00907
      3.99852
      4.21257
      4.21245
      4.25777
      4.10416
      3.97115
      4.15324
      4.17102
      4.14575
      4.11424
      4.32115
      4.14762
      4.14511
      4.09936
      4.14759
      4.27838
      4.17632
      4.11712
      3.97596
      4.29984
      4.01135
      4.06528
      4.00597
      4.19719
      4.15285
      4.25339
      4.17100
      4.07988
      4.06297
      4.03260
      3.94004
      3.87098
      3.80017
      3.95859
      3.95829
      4.19084
      4.15024
      4.05083
      3.99739
      4.05126
      4.03480
      4.05098
      4.18565
      4.09460
      4.04987
      3.90016
      3.99861
      4.04587
      4.12174
      4.19575
      4.02663
      4.21607
      4.12541
      4.29059
      4.38284
      4.16851
      4.02613
      4.18754
      3.92187
      4.00378
      3.83396
      3.75755
      3.77734
      3.83363
      3.74586
      3.86204
      3.89109
      3.90287
      3.81565
      3.82212
      3.87960
      3.92372
      3.83848
      3.79892
      3.64774
      3.90957
      3.90717
      3.93879
      3.77979
      3.94296
      3.97583
      3.86302
      3.83908
      3.79032
      3.83528
      3.73682
      3.79807
      4.00670
      4.05398
      3.96243
      3.94033
      3.84139
      3.71199
      3.87747
      3.89501
      3.97429
      3.89956
      3.91560
      3.96727
      3.86284
      3.69466
      3.70850
      3.74046
      3.86648
      3.86823
      3.79060
      3.77123
      4.07501
      4.01272
      3.93547
      4.04633
      3.97787
      4.29047
      4.17578
      3.97911
      4.11201
      4.08190
      3.98531
      3.94955
      4.13502
      4.03702
      4.00214
      4.20995
      4.19063
      4.24386
      4.00399
      3.93749
      4.12750
      4.18390
      4.23114
      4.03782
      3.80864
      3.89231
      3.96334
      3.84693
      4.01880
      4.17678
      4.16055
      4.17198
      4.08050
      3.99019
      3.99202
      4.18046
      4.19840
      4.12196
      4.13569
      4.14091
      4.20403
      4.13611
      4.15484
      3.95442
      3.92692
      3.94415
      4.07265
      3.92394
      3.84425
      3.92413
      3.88238
      4.10284
      3.99389
      3.78939
      4.03737
      4.01406
      4.07774
      3.97489
      4.02783
      4.12917
      3.94096
      4.07296
      4.24317
      4.36563
      4.33623
      4.28717
      4.24518
      4.33346
      4.23912
      4.36670
      4.29029
      4.05361
      3.94990
      4.12971
      4.04689
      4.08318
      4.12236
      3.92590
      3.92299
      4.17582
      4.25067
      4.29131
      4.02835
      4.09340
      4.09513
      4.18727
      4.15589
      4.04629
      4.06966
      4.10418
      4.01375
      3.95350
      3.85956
      4.19687
      4.03690
      4.09068
      4.01462
      4.11478
      4.05772
      4.02499
      4.06278
      4.35644
      4.33539
      4.27113
      4.38730
      4.38210
      4.41218
      4.34747
      4.42728
      4.27266
      4.35365
      4.26493
      4.13850
      4.26398
      4.16435
      4.26333
      4.42025
      4.24174
      4.34130
      4.29820
      4.35903
      4.22538
      4.23803
      4.09865
      4.21540
      4.18282
      4.23467
      4.49138
      4.23072
      4.17894
      4.23517
      4.27804
      4.49407
      4.37253
      4.35894
      4.28274
      4.38713
      4.03916
      4.21207
      4.34986
      4.18455
      4.28498
      4.25925
      4.10279
      4.22812
      4.29521
      4.39090
      4.20008
      4.21193
      4.22880
      4.46745
      4.38779
      4.36664
      4.24823
      4.31020
      4.32253
      4.44105
      4.44354
      4.50293
      4.23665
      4.18218
      4.21361
      4.48713
      4.48416
      4.33886
      4.36327
      4.55758
      4.39425
      4.50974
      4.49579
      4.31635
      4.36134
      4.36273
      4.33271
      4.47905
      4.38442
      4.39972
      4.22382
      4.23686
      4.35190
      4.32598
      4.33584
      4.10906
      4.34670
      4.14401
      4.28129
      4.38321
      4.37330
      4.43840
      4.35409
      4.48628
      4.37699
      4.55357
      4.55805
      4.57266
      4.80723
      4.79611
      4.61863
      4.44150
      4.66059
      4.46781
      4.21046
      4.21798
      4.24378
      4.22249
      4.20487
      4.26524
      4.32043
      4.32845
      4.26056
      4.33533
      4.18233
      4.30250
      4.24328
      3.97839
      4.04243
      3.80249
      3.93144
      4.04363
      4.11745
      3.92263
      3.95873
      3.89263
      3.90172
      4.00308
      4.00227
      4.09038
      4.06229
      4.07670
      4.07017
      3.95661
      3.83811
      3.91154
      4.11883
      4.12490
      4.04450
      4.12731
      4.06873
      4.01777
      4.08965
      4.15945
      4.05393
      4.14873
      4.26549
      4.20634
      4.22655
      4.25820
      4.22048
      4.02469
      4.00091
      3.99210
      3.93204
      4.05192
      4.15111
      4.21924
      4.43079
      4.28894
      4.27322
      4.14855
      4.17384
      4.28057
      4.18182
      4.08973
      3.88852
      3.88038
      4.01485
      3.91582
      3.80826
      3.63000
      3.64614
      3.70246
      3.74285
      3.46246
      3.86999
      3.77721
      3.60395
      3.77540
      3.77111
      3.92408
      3.88789
      4.09082
      3.98373
      4.10299
      4.00947
      4.17714
      4.14828
      4.04537
      4.05372
      4.23678
      4.23681
      4.08534
      4.35802
      4.27610
      4.13490
      3.99016
      4.03576
      3.92144
      3.87862
      3.87690
      3.87359
      3.90867
      4.01029
      4.05057
      4.09321
      4.09516
      3.83018
      3.99203
      4.09755
      4.02898
      4.01123
      3.85094
      3.77521
      3.84249
      3.91025
      3.82147
      3.91555
      3.90150
      3.96993
      3.75661
      3.88397
      3.75806
      4.06133
      3.99557
      3.89067
      3.89781
      3.85816
      3.95453
      3.94358
      3.85866
      4.03180
      4.03130
      3.99923
      3.80152
      3.82531
      3.81686
      3.81534
      3.99363
      3.99499
      3.88594
      4.04725
      4.05541
      3.92696
      3.92976
      4.01678
      3.96068
      3.93605
      3.90955
      3.95025
      3.77121
      3.76397
      3.66815
      3.72065
      3.72953
      3.93450
      3.85969
      3.66003
      3.74120
      3.79991
      3.71963
      3.80085
      3.88182
      3.84787
      3.84043
      3.74419
      3.68724
      3.54200
      3.63097
      3.79012
      3.72186
      3.75747
      3.70175
      3.85939
      3.84801
      4.01205
      3.93248
      3.74942
      3.72232
      3.74536
      3.90908
      3.86239
      3.77101
      3.88009
      3.84535
      3.97659
      3.89328
      3.89958
      4.04666
      3.94170
      3.90033
      3.89036
      3.92697
      3.98126
      4.29282
      4.38601
      4.28482
      4.23214
      4.08819
      4.09523
      3.88633
      4.20703
      4.15476
      4.10656
      4.14398
      4.13317
      4.09388
      4.31380
      4.13025
      3.96615
      3.88042
      3.90506
      3.90469
      3.79007
      3.84241
      3.77958
      3.82178
      3.92981
      3.90556
      3.83103
      3.81667
      3.81500
      3.71380
      3.99334
      3.92083
      3.84505
      3.86170
      3.86759
      3.93249
      4.08226
      3.99774
      3.98654
      3.97020
      4.08466
      4.03219
      4.29333
      4.13680
      4.24906
      4.13583
      4.02511
      4.10097
      4.03361
      3.90037
      3.93262
      4.08113
      4.14768
      3.94728
      3.81765
      3.85514
      3.59489
      3.60309
      3.65954
      3.90158
      3.83880
      3.76786
      3.79411
      3.72958
      3.87932
      3.73997
      3.78246
      3.95904
      3.90166
      3.88952
      3.80841
      3.90512
      4.17219
      4.03371
      4.09884
      4.02810
      4.06341
      4.17049
      4.36736
      4.31286
      4.34374
      4.20680
      4.21427
      3.97761
      4.00875
      3.90812
      3.77853
      3.74457
      3.76079
      3.79777
      3.95773
      3.77207
      3.71505
      3.73285
      3.65187
      3.77094
      3.97597
      4.01622
      3.84470
      3.94534
      4.00370
      3.96918
      4.13185
      4.12700
      3.91026
      3.89692
      4.00424
      4.10468
      4.15813
      4.03004
      4.08606
      4.26690
      4.27702
      4.33321
      4.43861
      4.45321
      4.27556
      4.15091
      4.15212
      4.10035
      3.85015
      3.84210
      3.85258
      3.87578
      3.77064
      3.87422
      3.87243
      3.98266
      4.01220
      4.03046
      3.93512
      4.01590
      3.91902
      3.88475
      4.16027
      4.22892
      4.19028
      4.30274
      4.17615
      4.22540
      4.35893
      4.31899
      4.18596
      4.07351
      4.03672
      4.04186
      4.05420
      3.96285
      4.21562
      4.07991
      3.82976
      3.76685
      3.93334
      3.94113
      3.72631
      3.90593
      3.89234
      3.81721
      3.78021
      3.67542
      3.71785
      3.83158
      3.83606
      3.74525
      4.06528
      4.02052
      4.05588
      4.03661
      3.93056
      3.88877
      3.80969
      3.80865
      3.81366
      3.88182
      3.92821
      3.91146
      3.72909
      3.82714
      3.93930
      3.91771
      3.96520
      3.89804
      3.81348
      3.89340
      3.86226
      3.75581
      3.67047
      3.85722
      3.89430
      3.77878
      3.86299
      3.89723
      3.79871
      3.75335
      3.75584
      3.84557
      4.03850
      4.12971
      4.15152
      4.25757
      4.13554
      4.25464
      4.15984
      4.05745
      4.13774
      3.90625
      3.96901
      3.98564
      4.21345
      4.16314
      4.14419
      4.18073
      4.07041
      3.89374
      3.78617
      3.86272
      3.89085
      3.98852
      4.09267
      4.12381
      4.29725
      4.18573
      4.19405
      4.25646
      4.20640
      4.21516
      4.13624
      4.22752
      4.16997
      4.21850
      4.18890
      4.12232
      4.09552
      4.14986
      4.23470
      4.41265
      4.50955
      4.46085
      4.51330
      4.61318
      4.50974
      4.53291
      4.47751
      4.43347
      4.30627
      4.32295
      4.38167
      4.42969
      4.33501
      4.52025
      4.59014
      4.59923
      4.56133
      4.47342
      4.42925
      4.67598
      4.53821
      4.54308
      4.59954
      4.64490
      4.60162
      4.66296
      4.54131
      4.50637
      4.60711
      4.44957
      4.50746
      4.54557
      4.57539
      4.64325
      4.54850
      4.66299
      4.62732
      4.60091
      4.58945
      4.37541
      4.38969
      4.53145
      4.44915
      4.52823
      4.53256
      4.77277
      4.61732
      4.66377
      4.54792
      4.58634
      4.54945
      4.43694
      4.57840
      4.41385
      4.38601
      4.35572
      4.35183
      4.26285
      4.26772
      4.16977
      4.38427
      4.41469
      4.53328
      4.35617
      4.63897
      4.40956
      4.54025
      4.53909
      4.33502
      4.22562
      4.34577
      4.43793
      4.40151
      4.43677
      4.28112
      4.43069
      4.13941
      4.24352
      4.13793
      4.21604
      4.26840
      4.24313
      4.19482
      4.20217
      4.39986
      4.39139
      4.28545
      4.17073
      4.09288
      4.26843
      4.36509
      4.27857
      3.99833
      4.08493
      4.27084
      4.33606
      4.65775
      4.45302
      4.26805
      4.32695
      4.22963
      4.27134
      4.17256
      4.26481
      4.37739
      4.44956
      4.57120
      4.74895
      4.71184
      4.68578
      4.76288
      4.79511
      4.67478
      4.53252
      4.40848
      4.47485
      4.48348
      4.50941
      4.51359
      4.42824
      4.39007
      4.42425
      4.47214
      4.53666
      4.74070
      4.54907
      4.54268
      4.36832
      4.52179
      4.62740
      4.52705
      4.51316
      4.44850
      4.30098
      4.32657
      4.26567
      4.26565
      4.45781
      4.35840
      4.37828
      4.29345
      4.58257
      4.45087
      4.27932
      4.16819
      4.07695
      4.21124
      4.20512
      4.56218
      4.39901
      4.31026
      4.28933
      4.30587
      4.17193
      4.27373
      4.46957
      4.38645
      4.43265
      4.38244
      4.29696
      4.43310
      4.24007
      4.45823
      4.37697
      4.40254
      4.62904
      4.70980
      4.58180
      4.65055
      4.61635
      4.58639
      4.42504
      4.43171
      4.10804
      4.11629
      4.14999
      4.12390
      4.05176
      4.22619
      4.28268
      4.14300
      4.07877
      4.11734
      3.99278
      3.98767
      4.10789
      4.07648
      4.15906
      4.30194
      4.20486
      4.34517
      4.44662
      4.43622
      4.46036
      4.40206
      4.11278
      4.29851
      4.24141
      4.20670
      4.20421
      4.26625
      4.05318
      4.13028
      4.19604
      4.31225
      4.14516
      4.21236
      4.11320
      4.35405
      4.18870
      4.18663
      4.15956
      4.26831
      4.31435
      4.32681
      4.16172
      4.09871
      4.01127
      3.88805
      3.97239
      4.28443
      4.20013
      4.10180
      4.09781
      4.20784
      4.26911
      4.38189
      4.31685
      4.44949
      4.32664
      4.22757
      4.36776
      4.41248
      4.22242
      4.37517
      4.10426
      4.27096
      4.25880
      4.40663
      4.39174
      4.46526
      4.63361
      4.41421
      4.45815
      4.45271
      4.38256
      4.45542
      4.46935
      4.27900
      4.40596
      4.27059
      4.42393
      4.43987
      4.43104
      4.60095
      4.43559
      4.23289
      4.17987
      4.36357
      4.17219
      4.08614
      4.32093
      4.26225
      4.22000
      4.35898
      4.33073
      4.26762
      4.28232
      4.35149
      4.35756
      4.12456
      4.19174
      4.30353
      4.19315
      4.37067
      4.19008
      4.24140
      4.20566
      4.22145
      4.08798
      4.08936
      4.04506
      4.25501
      4.20016
      4.10897
      4.23561
      4.20670
      4.33078
      4.19310
      4.26497
      4.28232
      4.40727
      4.33179
      4.41655
      4.39768
      4.41813
      4.39439
      4.36978
      4.50974
      4.60361
      4.47470
      4.39947
      4.43102
      4.44798
      4.41919
      4.23090
      4.32296
      4.32294
      4.39730
      4.53141
      4.34144
      4.30988
      4.37455
      4.58557
      4.50911
      4.58262
      4.51641
      4.39206
      4.45066
      4.54066
      4.59770
      4.80611
      4.70835
      4.65938
      4.62354
      4.84012
      4.80432
      4.81541
      5.07925
      4.87745
      4.98510
      4.97220
      5.06532
      5.01850
      4.91567
      4.85728
      4.75012
      4.69374
      4.72252
      4.69940
      4.86373
      4.63942
      4.59878
      4.70485
      4.72860
      4.83773
      4.80963
      4.66039
      4.77606
      4.75836
      5.03190
      4.70268
      4.81253
      4.70043
      4.61127
      4.91926
      4.91383
      4.87714
      4.92219
      4.96443
      4.87393
      4.80966
      4.86985
      4.75540
      4.63220
      4.57246
      4.37623
      4.42119
      4.58590
      4.87917
      4.85082
      4.58950
      4.77223
      4.62296
      4.66132
      4.73832
      4.46567
      4.58786
      4.44351
      4.61128
      4.54956
      4.75902
      4.59656
      4.59273
      4.55877
      4.65201
      4.60315
      4.54893
      4.35457
      4.42990
      4.49560
      4.40866
      4.41782
      4.47527
      4.42563
      4.55562
      4.58134
      4.65788
      4.72620
      4.59776
      4.61549
      4.57139
      4.66546
      4.74174
      4.77318
      4.62746
      4.73392
      4.70764
      4.64451
      4.75635
      4.74275
      4.74552
      4.61247
      4.63135
      4.58373
      4.70148
      4.73180
      4.64176
      4.58258
      4.73907
      4.79076
      4.89526
      4.69880
      4.78327
      4.64433
      4.61778
      4.56757
      4.84525
      4.73604
      4.59946
      4.51170
      4.70623
      4.64660
      4.73829
      4.53251
      4.64913
      4.81111
      4.88120
      4.72936
      4.80748
      4.86865
      4.71168
      4.77292
      4.78553
      4.77915
      4.81361
      4.73342
      4.99700
      4.87439
      4.96368
      4.91432
      4.72869
      4.88676
      4.72519
      4.73671
      4.74565
      4.80513
      4.79035
      4.69623
      4.67829
      4.79031
      4.73573
      4.87399
      4.68532
      4.68097
      4.73394
      4.66289
      4.57647
      4.61374
      4.55614
      4.60443
      4.79531
      4.84160
      4.63495
      4.80317
      4.76695
      4.74579
      5.01587
      4.99141
      5.04197
      4.84138
      4.69353
      4.80215
      4.88162
      4.78041
      4.72806
      4.74009
      4.77120
      4.71302
      4.72672
      4.72269
      4.79682
      4.75253
      4.70468
      4.78340
      4.92187
      4.69894
      4.74226
      4.56616
      4.62008
      4.55859
      4.65839
      4.64502
      4.79104
      4.66834
      4.68519
      4.71847
      4.64026
      4.52758
      4.58047
      4.69901
      4.58008
      4.48768
      4.58450
      4.56125
      4.55068
      4.86832
      4.69098
      4.81892
      4.64283
      4.66439
      4.63336
      4.65655
      4.68294
      4.55859
      4.52446
      4.61179
      4.42650
      4.60325
      4.74799
      4.84417
      4.73133
      4.82815
      4.60508
      4.74834
      4.82993
      4.92932
      4.65479
      4.75489
      4.91872
      4.82613
      4.84061
      4.57841
      4.58139
      4.55064
      4.58964
      4.57169
      4.61192
      4.51487
      4.92111
      4.85305
      4.49670
      4.51692
      4.63874
      4.57553
      4.66295
      4.63208
      4.65501
      4.57521
      4.37021
      4.67958
      4.57897
      4.69222
      4.62468
      4.85653
      4.69519
      4.78018
      4.89421
      4.78633
      4.74445
      4.65050
      4.62167
      4.67289
      4.42057
      4.58399
      5.00431
      4.91473
      4.75224
      5.01139
      4.86590
      4.99974
      4.65266
      4.88695
      4.94776
      4.81021
      4.68759
      4.53600
      4.66584
      4.77508
      4.72958
      4.96208
      4.95580
      4.76331
      4.68220
      4.71030
      4.80314
      4.82964
      4.99154
      4.74209
      4.92913
      4.90067
      4.83135
      4.79734
      4.91435
      4.94053
      4.79489
      4.77607
      4.95875
      4.85800
      4.61059
      4.78793
      4.78766
      4.75851
      4.82066
      4.64426
      4.75269
      4.74644
      4.65447
      4.84526
      4.92733
      5.06640
      5.01955
      4.89608
      4.79584
      4.58594
      4.38866
      4.80783
      4.57046
      4.71141
      4.82229
      4.87008
      4.89705
      4.77169
      5.10805
      5.10132
      5.06060
      4.92661
      5.00818
      4.97899
      4.93946
      4.76097
      4.69832
      4.69198
      4.68539
      4.72570
      4.63754
      4.81757
      4.69614
      4.75055
      4.62398
      4.67377
      4.67530
      4.88871
      4.88668
      4.89048
      5.14142
      4.94201
      4.98128
      5.03022
      5.13198
      5.03649
      4.98342
      5.15400
      5.04745
      4.82391
      4.80838
      4.58148
      4.43710
      4.36119
      4.60585
      4.43142
      4.24660
      4.40573
      4.49721
      4.67073
      4.67174
      4.52446
      4.54266
      4.49636
      4.28910
      4.20658
      4.52708
      4.38254
      4.56913
      4.60374
      4.48684
      4.55539
      4.47958
      4.61036
      4.42638
      4.53935
      4.51158
      4.49561
      4.51081
      4.24433
      4.33096
      4.44142
      4.51085
      4.55586
      4.47845
      4.37773
      4.42831
      4.35565
      4.01628
      4.47707
      4.59172
      4.56178
      4.44747
      4.43642
      4.34541
      4.18448
      4.34056
      4.28944
      4.45012
      4.27966
      4.20040
      4.14500
      4.22273
      4.34405
      4.25748
      4.43595
      4.60594
      4.54387
      4.54241
      4.40855
      4.62875
      4.43611
      4.44916
      4.64895
      4.41686
      4.25917
      4.62923
      4.61397
      4.59196
      4.51973
      4.54476
      4.48231
      4.45981
      4.43380
      4.55541
      4.58197
      4.64528
      4.34126
